1000 0.5 0
1000 0.5 0
1000 0.5 0
1000 0.5 1
1000 0.5 0
1000 0.5 1
1000 0.5 3
1000 0.5 2
1000 0.5 1
1000 0.5 1
1000 0.2 0
1000 0.2 0
1000 0.2 4
1000 0.2 5
1000 0.2 0
1000 0.2 9
1000 0.2 0
1000 0.2 4
1000 0.2 5
1000 0.2 0
1000 0.05 16
1000 0.05 4
1000 0.05 19
1000 0.05 12
1000 0.05 15
1000 0.05 4
1000 0.05 0
1000 0.05 6
1000 0.05 15
1000 0.05 0
1000 0.01 0
1000 0.01 88
1000 0.01 88
1000 0.01 67
1000 0.01 29
1000 0.01 0
1000 0.01 78
1000 0.01 77
1000 0.01 77
1000 0.01 0
1000 0.005 20
1000 0.005 144
1000 0.005 155
1000 0.005 176
1000 0.005 202
1000 0.005 22
1000 0.005 184
1000 0.005 0
1000 0.005 159
1000 0.005 207


100 0.1 3
100 0.1 0
100 0.1 7
100 0.1 3
100 0.1 4
100 0.1 10
100 0.1 0
100 0.1 6
100 0.1 0
100 0.1 13

1000 0.1 2
1000 0.1 7
1000 0.1 8
1000 0.1 6
1000 0.1 0
1000 0.1 8
1000 0.1 10
1000 0.1 8
1000 0.1 0
1000 0.1 8
1000 0.1 3
10000 0.1 0
10000 0.1 3
10000 0.1 2
10000 0.1 0
10000 0.1 0
10000 0.1 0
10000 0.1 10
10000 0.1 0
10000 0.1 9
10000 0.1 17
100000 0.1 6
100000 0.1 2
100000 0.1 10
100000 0.1 0
100000 0.1 1
100000 0.1 6
100000 0.1 3
100000 0.1 5
100000 0.1 2
100000 0.1 9
